Setup title,P-18-Id-Vd
Application test name,Id-Vd
Test date,3/14/2017
Test time,11:51:08
Device ID,
Vdrain,Idrain,Vgate,Vsource,Vsubs,IdrainPerWg
0,-4.0329E-07,-0.6,0,0.4,-1.15225714285714E-08
-0.01,-2.2412E-06,-0.6,0,0.4,-6.40342857142857E-08
-0.02,-3.784E-06,-0.6,0,0.4,-1.08114285714286E-07
-0.03,-5.0244E-06,-0.6,0,0.4,-1.43554285714286E-07
-0.04,-6.0548E-06,-0.6,0,0.4,-1.72994285714286E-07
-0.05,-6.8704E-06,-0.6,0,0.4,-1.96297142857143E-07
-0.06,-7.5135E-06,-0.6,0,0.4,-2.14671428571429E-07
-0.07,-8.0362E-06,-0.6,0,0.4,-2.29605714285714E-07
-0.08,-8.4201E-06,-0.6,0,0.4,-2.40574285714286E-07
-0.09,-8.7534E-06,-0.6,0,0.4,-2.50097142857143E-07
-0.1,-8.9917E-06,-0.6,0,0.4,-2.56905714285714E-07
-0.11,-9.2087E-06,-0.6,0,0.4,-2.63105714285714E-07
-0.12,-9.3435E-06,-0.6,0,0.4,-2.66957142857143E-07
-0.13,-9.4862E-06,-0.6,0,0.4,-2.71034285714286E-07
-0.14,-9.565E-06,-0.6,0,0.4,-2.73285714285714E-07
-0.15,-9.6497E-06,-0.6,0,0.4,-2.75705714285714E-07
-0.16,-9.7328E-06,-0.6,0,0.4,-2.7808E-07
-0.17,-9.7909E-06,-0.6,0,0.4,-2.7974E-07
-0.18,-9.8412E-06,-0.6,0,0.4,-2.81177142857143E-07
-0.19,-9.8848E-06,-0.6,0,0.4,-2.82422857142857E-07
-0.2,-9.9399E-06,-0.6,0,0.4,-2.83997142857143E-07
-0.21,-9.9529E-06,-0.6,0,0.4,-2.84368571428571E-07
-0.22,-9.9993E-06,-0.6,0,0.4,-2.85694285714286E-07
-0.23,-1.0021E-05,-0.6,0,0.4,-2.86314285714286E-07
-0.24,-1.00553E-05,-0.6,0,0.4,-2.87294285714286E-07
-0.25,-1.01049E-05,-0.6,0,0.4,-2.88711428571429E-07
-0.26,-1.01133E-05,-0.6,0,0.4,-2.88951428571429E-07
-0.27,-1.0154E-05,-0.6,0,0.4,-2.90114285714286E-07
-0.28,-1.01744E-05,-0.6,0,0.4,-2.90697142857143E-07
-0.29,-1.02066E-05,-0.6,0,0.4,-2.91617142857143E-07
-0.3,-1.02278E-05,-0.6,0,0.4,-2.92222857142857E-07
-0.31,-1.02484E-05,-0.6,0,0.4,-2.92811428571429E-07
-0.32,-1.02742E-05,-0.6,0,0.4,-2.93548571428571E-07
-0.33,-1.02698E-05,-0.6,0,0.4,-2.93422857142857E-07
-0.34,-1.03085E-05,-0.6,0,0.4,-2.94528571428571E-07
-0.35,-1.03442E-05,-0.6,0,0.4,-2.95548571428571E-07
-0.36,-1.03514E-05,-0.6,0,0.4,-2.95754285714286E-07
-0.37,-1.03889E-05,-0.6,0,0.4,-2.96825714285714E-07
-0.38,-1.04066E-05,-0.6,0,0.4,-2.97331428571429E-07
-0.39,-1.03968E-05,-0.6,0,0.4,-2.97051428571429E-07
-0.4,-1.04046E-05,-0.6,0,0.4,-2.97274285714286E-07
-0.41,-1.04612E-05,-0.6,0,0.4,-2.98891428571429E-07
-0.42,-1.04804E-05,-0.6,0,0.4,-2.9944E-07
-0.43,-1.04831E-05,-0.6,0,0.4,-2.99517142857143E-07
-0.44,-1.0498E-05,-0.6,0,0.4,-2.99942857142857E-07
-0.45,-1.05132E-05,-0.6,0,0.4,-3.00377142857143E-07
-0.46,-1.05301E-05,-0.6,0,0.4,-3.0086E-07
-0.47,-1.05439E-05,-0.6,0,0.4,-3.01254285714286E-07
-0.48,-1.05498E-05,-0.6,0,0.4,-3.01422857142857E-07
-0.49,-1.05899E-05,-0.6,0,0.4,-3.02568571428571E-07
-0.5,-1.05916E-05,-0.6,0,0.4,-3.02617142857143E-07
-0.51,-1.06178E-05,-0.6,0,0.4,-3.03365714285714E-07
-0.52,-1.06311E-05,-0.6,0,0.4,-3.03745714285714E-07
-0.53,-1.06571E-05,-0.6,0,0.4,-3.04488571428571E-07
-0.54,-1.06628E-05,-0.6,0,0.4,-3.04651428571429E-07
-0.55,-1.07099E-05,-0.6,0,0.4,-3.05997142857143E-07
-0.56,-1.06798E-05,-0.6,0,0.4,-3.05137142857143E-07
-0.57,-1.06863E-05,-0.6,0,0.4,-3.05322857142857E-07
-0.58,-1.07451E-05,-0.6,0,0.4,-3.07002857142857E-07
-0.59,-1.07399E-05,-0.6,0,0.4,-3.06854285714286E-07
-0.6,-1.07605E-05,-0.6,0,0.4,-3.07442857142857E-07
-0.61,-1.07793E-05,-0.6,0,0.4,-3.0798E-07
-0.62,-1.0794E-05,-0.6,0,0.4,-3.084E-07
-0.63,-1.07894E-05,-0.6,0,0.4,-3.08268571428571E-07
-0.64,-1.07902E-05,-0.6,0,0.4,-3.08291428571429E-07
-0.65,-1.08453E-05,-0.6,0,0.4,-3.09865714285714E-07
-0.66,-1.08271E-05,-0.6,0,0.4,-3.09345714285714E-07
-0.67,-1.08585E-05,-0.6,0,0.4,-3.10242857142857E-07
-0.68,-1.08544E-05,-0.6,0,0.4,-3.10125714285714E-07
-0.69,-1.09E-05,-0.6,0,0.4,-3.11428571428571E-07
-0.7,-1.08989E-05,-0.6,0,0.4,-3.11397142857143E-07
-0.71,-1.09232E-05,-0.6,0,0.4,-3.12091428571429E-07
-0.72,-1.09242E-05,-0.6,0,0.4,-3.1212E-07
-0.73,-1.09315E-05,-0.6,0,0.4,-3.12328571428571E-07
-0.74,-1.09593E-05,-0.6,0,0.4,-3.13122857142857E-07
-0.75,-1.09654E-05,-0.6,0,0.4,-3.13297142857143E-07
-0.76,-1.09665E-05,-0.6,0,0.4,-3.13328571428571E-07
-0.77,-1.09795E-05,-0.6,0,0.4,-3.137E-07
-0.78,-1.10217E-05,-0.6,0,0.4,-3.14905714285714E-07
-0.79,-1.09966E-05,-0.6,0,0.4,-3.14188571428571E-07
-0.8,-1.10254E-05,-0.6,0,0.4,-3.15011428571429E-07
-0.81,-1.104E-05,-0.6,0,0.4,-3.15428571428571E-07
-0.82,-1.10413E-05,-0.6,0,0.4,-3.15465714285714E-07
-0.83,-1.10548E-05,-0.6,0,0.4,-3.15851428571429E-07
-0.84,-1.10487E-05,-0.6,0,0.4,-3.15677142857143E-07
-0.85,-1.10873E-05,-0.6,0,0.4,-3.1678E-07
-0.86,-1.10961E-05,-0.6,0,0.4,-3.17031428571429E-07
-0.87,-1.1101E-05,-0.6,0,0.4,-3.17171428571429E-07
-0.88,-1.11104E-05,-0.6,0,0.4,-3.1744E-07
-0.89,-1.11412E-05,-0.6,0,0.4,-3.1832E-07
-0.9,-1.11559E-05,-0.6,0,0.4,-3.1874E-07
-0.91,-1.11508E-05,-0.6,0,0.4,-3.18594285714286E-07
-0.92,-1.11691E-05,-0.6,0,0.4,-3.19117142857143E-07
-0.93,-1.1171E-05,-0.6,0,0.4,-3.19171428571429E-07
-0.94,-1.11845E-05,-0.6,0,0.4,-3.19557142857143E-07
-0.95,-1.1176E-05,-0.6,0,0.4,-3.19314285714286E-07
-0.96,-1.12216E-05,-0.6,0,0.4,-3.20617142857143E-07
-0.97,-1.12144E-05,-0.6,0,0.4,-3.20411428571429E-07
-0.98,-1.1235E-05,-0.6,0,0.4,-3.21E-07
-0.99,-1.12512E-05,-0.6,0,0.4,-3.21462857142857E-07
-1,-1.12667E-05,-0.6,0,0.4,-3.21905714285714E-07
-1.01,-1.12509E-05,-0.6,0,0.4,-3.21454285714286E-07
-1.02,-1.1292E-05,-0.6,0,0.4,-3.22628571428571E-07
-1.03,-1.1289E-05,-0.6,0,0.4,-3.22542857142857E-07
-1.04,-1.13178E-05,-0.6,0,0.4,-3.23365714285714E-07
-1.05,-1.12952E-05,-0.6,0,0.4,-3.2272E-07
-1.06,-1.12932E-05,-0.6,0,0.4,-3.22662857142857E-07
-1.07,-1.13283E-05,-0.6,0,0.4,-3.23665714285714E-07
-1.08,-1.13277E-05,-0.6,0,0.4,-3.23648571428571E-07
-1.09,-1.13534E-05,-0.6,0,0.4,-3.24382857142857E-07
-1.1,-1.13733E-05,-0.6,0,0.4,-3.24951428571429E-07
-1.11,-1.13685E-05,-0.6,0,0.4,-3.24814285714286E-07
-1.12,-1.13695E-05,-0.6,0,0.4,-3.24842857142857E-07
-1.13,-1.13742E-05,-0.6,0,0.4,-3.24977142857143E-07
-1.14,-1.14005E-05,-0.6,0,0.4,-3.25728571428571E-07
-1.15,-1.14029E-05,-0.6,0,0.4,-3.25797142857143E-07
-1.16,-1.14034E-05,-0.6,0,0.4,-3.25811428571429E-07
-1.17,-1.13963E-05,-0.6,0,0.4,-3.25608571428571E-07
-1.18,-1.1436E-05,-0.6,0,0.4,-3.26742857142857E-07
-1.19,-1.1453E-05,-0.6,0,0.4,-3.27228571428571E-07
-1.2,-1.1452E-05,-0.6,0,0.4,-3.272E-07
-1.21,-1.1473E-05,-0.6,0,0.4,-3.278E-07
-1.22,-1.1476E-05,-0.6,0,0.4,-3.27885714285714E-07
-1.23,-1.1471E-05,-0.6,0,0.4,-3.27742857142857E-07
-1.24,-1.1473E-05,-0.6,0,0.4,-3.278E-07
-1.25,-1.1498E-05,-0.6,0,0.4,-3.28514285714286E-07
-1.26,-1.1501E-05,-0.6,0,0.4,-3.286E-07
-1.27,-1.151E-05,-0.6,0,0.4,-3.28857142857143E-07
-1.28,-1.1522E-05,-0.6,0,0.4,-3.292E-07
-1.29,-1.1522E-05,-0.6,0,0.4,-3.292E-07
-1.3,-1.1549E-05,-0.6,0,0.4,-3.29971428571429E-07
-1.31,-1.1536E-05,-0.6,0,0.4,-3.296E-07
-1.32,-1.1558E-05,-0.6,0,0.4,-3.30228571428571E-07
-1.33,-1.1578E-05,-0.6,0,0.4,-3.308E-07
-1.34,-1.158E-05,-0.6,0,0.4,-3.30857142857143E-07
-1.35,-1.1576E-05,-0.6,0,0.4,-3.30742857142857E-07
-1.36,-1.16E-05,-0.6,0,0.4,-3.31428571428571E-07
-1.37,-1.1601E-05,-0.6,0,0.4,-3.31457142857143E-07
-1.38,-1.1614E-05,-0.6,0,0.4,-3.31828571428571E-07
-1.39,-1.1614E-05,-0.6,0,0.4,-3.31828571428571E-07
-1.4,-1.1616E-05,-0.6,0,0.4,-3.31885714285714E-07
-1.41,-1.1635E-05,-0.6,0,0.4,-3.32428571428571E-07
-1.42,-1.1626E-05,-0.6,0,0.4,-3.32171428571429E-07
-1.43,-1.1659E-05,-0.6,0,0.4,-3.33114285714286E-07
-1.44,-1.1661E-05,-0.6,0,0.4,-3.33171428571429E-07
-1.45,-1.1673E-05,-0.6,0,0.4,-3.33514285714286E-07
-1.46,-1.1668E-05,-0.6,0,0.4,-3.33371428571429E-07
-1.47,-1.1663E-05,-0.6,0,0.4,-3.33228571428571E-07
-1.48,-1.1689E-05,-0.6,0,0.4,-3.33971428571429E-07
-1.49,-1.17E-05,-0.6,0,0.4,-3.34285714285714E-07
-1.5,-1.1697E-05,-0.6,0,0.4,-3.342E-07
-1.51,-1.1717E-05,-0.6,0,0.4,-3.34771428571429E-07
-1.52,-1.1726E-05,-0.6,0,0.4,-3.35028571428571E-07
-1.53,-1.1738E-05,-0.6,0,0.4,-3.35371428571429E-07
-1.54,-1.173E-05,-0.6,0,0.4,-3.35142857142857E-07
-1.55,-1.1737E-05,-0.6,0,0.4,-3.35342857142857E-07
-1.56,-1.1742E-05,-0.6,0,0.4,-3.35485714285714E-07
-1.57,-1.1768E-05,-0.6,0,0.4,-3.36228571428571E-07
-1.58,-1.1745E-05,-0.6,0,0.4,-3.35571428571429E-07
-1.59,-1.1786E-05,-0.6,0,0.4,-3.36742857142857E-07
-1.6,-1.1788E-05,-0.6,0,0.4,-3.368E-07
-1.61,-1.1802E-05,-0.6,0,0.4,-3.372E-07
-1.62,-1.1805E-05,-0.6,0,0.4,-3.37285714285714E-07
-1.63,-1.1782E-05,-0.6,0,0.4,-3.36628571428571E-07
-1.64,-1.1823E-05,-0.6,0,0.4,-3.378E-07
-1.65,-1.1822E-05,-0.6,0,0.4,-3.37771428571428E-07
-1.66,-1.1835E-05,-0.6,0,0.4,-3.38142857142857E-07
-1.67,-1.1845E-05,-0.6,0,0.4,-3.38428571428571E-07
-1.68,-1.1837E-05,-0.6,0,0.4,-3.382E-07
-1.69,-1.1854E-05,-0.6,0,0.4,-3.38685714285714E-07
-1.7,-1.1869E-05,-0.6,0,0.4,-3.39114285714286E-07
-1.71,-1.186E-05,-0.6,0,0.4,-3.38857142857143E-07
-1.72,-1.187E-05,-0.6,0,0.4,-3.39142857142857E-07
-1.73,-1.1849E-05,-0.6,0,0.4,-3.38542857142857E-07
-1.74,-1.1885E-05,-0.6,0,0.4,-3.39571428571429E-07
-1.75,-1.1886E-05,-0.6,0,0.4,-3.396E-07
-1.76,-1.1896E-05,-0.6,0,0.4,-3.39885714285714E-07
-1.77,-1.1897E-05,-0.6,0,0.4,-3.39914285714286E-07
-1.78,-1.1893E-05,-0.6,0,0.4,-3.398E-07
-1.79,-1.1899E-05,-0.6,0,0.4,-3.39971428571429E-07
-1.8,-1.1931E-05,-0.6,0,0.4,-3.40885714285714E-07
0,-2.532E-07,-0.9,0,0.4,-7.23428571428571E-09
-0.01,-1.3945E-05,-0.9,0,0.4,-3.98428571428571E-07
-0.02,-2.6971E-05,-0.9,0,0.4,-7.706E-07
-0.03,-3.9397E-05,-0.9,0,0.4,-1.12562857142857E-06
-0.04,-5.1251E-05,-0.9,0,0.4,-1.46431428571429E-06
-0.05,-6.2663E-05,-0.9,0,0.4,-1.79037142857143E-06
-0.06,-7.3453E-05,-0.9,0,0.4,-2.09865714285714E-06
-0.07,-8.3852E-05,-0.9,0,0.4,-2.39577142857143E-06
-0.08,-9.36E-05,-0.9,0,0.4,-2.67428571428571E-06
-0.09,-0.000102826,-0.9,0,0.4,-2.93788571428571E-06
-0.1,-0.000111591,-0.9,0,0.4,-3.18831428571429E-06
-0.11,-0.00011962,-0.9,0,0.4,-3.41771428571429E-06
-0.12,-0.00012731,-0.9,0,0.4,-3.63742857142857E-06
-0.13,-0.00013456,-0.9,0,0.4,-3.84457142857143E-06
-0.14,-0.00014127,-0.9,0,0.4,-4.03628571428571E-06
-0.15,-0.00014744,-0.9,0,0.4,-4.21257142857143E-06
-0.16,-0.00015315,-0.9,0,0.4,-4.37571428571429E-06
-0.17,-0.00015842,-0.9,0,0.4,-4.52628571428571E-06
-0.18,-0.00016328,-0.9,0,0.4,-4.66514285714286E-06
-0.19,-0.00016765,-0.9,0,0.4,-4.79E-06
-0.2,-0.00017162,-0.9,0,0.4,-4.90342857142857E-06
-0.21,-0.00017521,-0.9,0,0.4,-5.006E-06
-0.22,-0.00017843,-0.9,0,0.4,-5.098E-06
-0.23,-0.00018135,-0.9,0,0.4,-5.18142857142857E-06
-0.24,-0.00018396,-0.9,0,0.4,-5.256E-06
-0.25,-0.00018621,-0.9,0,0.4,-5.32028571428571E-06
-0.26,-0.00018825,-0.9,0,0.4,-5.37857142857143E-06
-0.27,-0.00019006,-0.9,0,0.4,-5.43028571428571E-06
-0.28,-0.00019172,-0.9,0,0.4,-5.47771428571429E-06
-0.29,-0.00019316,-0.9,0,0.4,-5.51885714285714E-06
-0.3,-0.00019445,-0.9,0,0.4,-5.55571428571429E-06
-0.31,-0.00019561,-0.9,0,0.4,-5.58885714285714E-06
-0.32,-0.00019663,-0.9,0,0.4,-5.618E-06
-0.33,-0.00019759,-0.9,0,0.4,-5.64542857142857E-06
-0.34,-0.00019841,-0.9,0,0.4,-5.66885714285714E-06
-0.35,-0.00019917,-0.9,0,0.4,-5.69057142857143E-06
-0.36,-0.00019987,-0.9,0,0.4,-5.71057142857143E-06
-0.37,-0.00020052,-0.9,0,0.4,-5.72914285714286E-06
-0.38,-0.00020115,-0.9,0,0.4,-5.74714285714286E-06
-0.39,-0.00020167,-0.9,0,0.4,-5.762E-06
-0.4,-0.00020222,-0.9,0,0.4,-5.77771428571428E-06
-0.41,-0.0002027,-0.9,0,0.4,-5.79142857142857E-06
-0.42,-0.00020317,-0.9,0,0.4,-5.80485714285714E-06
-0.43,-0.00020359,-0.9,0,0.4,-5.81685714285714E-06
-0.44,-0.00020399,-0.9,0,0.4,-5.82828571428571E-06
-0.45,-0.00020442,-0.9,0,0.4,-5.84057142857143E-06
-0.46,-0.00020483,-0.9,0,0.4,-5.85228571428571E-06
-0.47,-0.00020519,-0.9,0,0.4,-5.86257142857143E-06
-0.48,-0.00020555,-0.9,0,0.4,-5.87285714285714E-06
-0.49,-0.00020587,-0.9,0,0.4,-5.882E-06
-0.5,-0.00020618,-0.9,0,0.4,-5.89085714285714E-06
-0.51,-0.00020653,-0.9,0,0.4,-5.90085714285714E-06
-0.52,-0.00020682,-0.9,0,0.4,-5.90914285714286E-06
-0.53,-0.00020713,-0.9,0,0.4,-5.918E-06
-0.54,-0.00020743,-0.9,0,0.4,-5.92657142857143E-06
-0.55,-0.00020774,-0.9,0,0.4,-5.93542857142857E-06
-0.56,-0.00020802,-0.9,0,0.4,-5.94342857142857E-06
-0.57,-0.00020831,-0.9,0,0.4,-5.95171428571429E-06
-0.58,-0.00020857,-0.9,0,0.4,-5.95914285714286E-06
-0.59,-0.00020885,-0.9,0,0.4,-5.96714285714286E-06
-0.6,-0.0002091,-0.9,0,0.4,-5.97428571428571E-06
-0.61,-0.00020933,-0.9,0,0.4,-5.98085714285714E-06
-0.62,-0.00020959,-0.9,0,0.4,-5.98828571428571E-06
-0.63,-0.00020984,-0.9,0,0.4,-5.99542857142857E-06
-0.64,-0.00021007,-0.9,0,0.4,-6.002E-06
-0.65,-0.00021028,-0.9,0,0.4,-6.008E-06
-0.66,-0.00021053,-0.9,0,0.4,-6.01514285714286E-06
-0.67,-0.00021075,-0.9,0,0.4,-6.02142857142857E-06
-0.68,-0.00021094,-0.9,0,0.4,-6.02685714285714E-06
-0.69,-0.00021117,-0.9,0,0.4,-6.03342857142857E-06
-0.7,-0.0002114,-0.9,0,0.4,-6.04E-06
-0.71,-0.0002116,-0.9,0,0.4,-6.04571428571428E-06
-0.72,-0.00021182,-0.9,0,0.4,-6.052E-06
-0.73,-0.00021204,-0.9,0,0.4,-6.05828571428571E-06
-0.74,-0.00021224,-0.9,0,0.4,-6.064E-06
-0.75,-0.00021248,-0.9,0,0.4,-6.07085714285714E-06
-0.76,-0.00021267,-0.9,0,0.4,-6.07628571428571E-06
-0.77,-0.00021292,-0.9,0,0.4,-6.08342857142857E-06
-0.78,-0.00021311,-0.9,0,0.4,-6.08885714285714E-06
-0.79,-0.00021331,-0.9,0,0.4,-6.09457142857143E-06
-0.8,-0.00021347,-0.9,0,0.4,-6.09914285714286E-06
-0.81,-0.00021369,-0.9,0,0.4,-6.10542857142857E-06
-0.82,-0.00021393,-0.9,0,0.4,-6.11228571428571E-06
-0.83,-0.0002141,-0.9,0,0.4,-6.11714285714286E-06
-0.84,-0.00021429,-0.9,0,0.4,-6.12257142857143E-06
-0.85,-0.00021447,-0.9,0,0.4,-6.12771428571429E-06
-0.86,-0.00021463,-0.9,0,0.4,-6.13228571428571E-06
-0.87,-0.00021486,-0.9,0,0.4,-6.13885714285714E-06
-0.88,-0.00021499,-0.9,0,0.4,-6.14257142857143E-06
-0.89,-0.00021522,-0.9,0,0.4,-6.14914285714286E-06
-0.9,-0.00021538,-0.9,0,0.4,-6.15371428571429E-06
-0.91,-0.00021559,-0.9,0,0.4,-6.15971428571428E-06
-0.92,-0.00021573,-0.9,0,0.4,-6.16371428571429E-06
-0.93,-0.00021594,-0.9,0,0.4,-6.16971428571429E-06
-0.94,-0.00021611,-0.9,0,0.4,-6.17457142857143E-06
-0.95,-0.00021627,-0.9,0,0.4,-6.17914285714286E-06
-0.96,-0.00021644,-0.9,0,0.4,-6.184E-06
-0.97,-0.00021661,-0.9,0,0.4,-6.18885714285714E-06
-0.98,-0.00021677,-0.9,0,0.4,-6.19342857142857E-06
-0.99,-0.00021693,-0.9,0,0.4,-6.198E-06
-1,-0.00021709,-0.9,0,0.4,-6.20257142857143E-06
-1.01,-0.00021724,-0.9,0,0.4,-6.20685714285714E-06
-1.02,-0.00021744,-0.9,0,0.4,-6.21257142857143E-06
-1.03,-0.00021761,-0.9,0,0.4,-6.21742857142857E-06
-1.04,-0.00021774,-0.9,0,0.4,-6.22114285714286E-06
-1.05,-0.00021792,-0.9,0,0.4,-6.22628571428571E-06
-1.06,-0.00021804,-0.9,0,0.4,-6.22971428571429E-06
-1.07,-0.00021822,-0.9,0,0.4,-6.23485714285714E-06
-1.08,-0.00021836,-0.9,0,0.4,-6.23885714285714E-06
-1.09,-0.00021851,-0.9,0,0.4,-6.24314285714286E-06
-1.1,-0.0002187,-0.9,0,0.4,-6.24857142857143E-06
-1.11,-0.00021882,-0.9,0,0.4,-6.252E-06
-1.12,-0.00021896,-0.9,0,0.4,-6.256E-06
-1.13,-0.00021912,-0.9,0,0.4,-6.26057142857143E-06
-1.14,-0.00021932,-0.9,0,0.4,-6.26628571428571E-06
-1.15,-0.00021945,-0.9,0,0.4,-6.27E-06
-1.16,-0.00021959,-0.9,0,0.4,-6.274E-06
-1.17,-0.00021974,-0.9,0,0.4,-6.27828571428571E-06
-1.18,-0.00021988,-0.9,0,0.4,-6.28228571428571E-06
-1.19,-0.00022005,-0.9,0,0.4,-6.28714285714286E-06
-1.2,-0.00022018,-0.9,0,0.4,-6.29085714285714E-06
-1.21,-0.00022032,-0.9,0,0.4,-6.29485714285714E-06
-1.22,-0.00022048,-0.9,0,0.4,-6.29942857142857E-06
-1.23,-0.00022063,-0.9,0,0.4,-6.30371428571429E-06
-1.24,-0.00022075,-0.9,0,0.4,-6.30714285714286E-06
-1.25,-0.00022093,-0.9,0,0.4,-6.31228571428571E-06
-1.26,-0.00022106,-0.9,0,0.4,-6.316E-06
-1.27,-0.00022116,-0.9,0,0.4,-6.31885714285714E-06
-1.28,-0.00022132,-0.9,0,0.4,-6.32342857142857E-06
-1.29,-0.00022144,-0.9,0,0.4,-6.32685714285714E-06
-1.3,-0.00022156,-0.9,0,0.4,-6.33028571428571E-06
-1.31,-0.0002217,-0.9,0,0.4,-6.33428571428571E-06
-1.32,-0.00022184,-0.9,0,0.4,-6.33828571428571E-06
-1.33,-0.00022196,-0.9,0,0.4,-6.34171428571429E-06
-1.34,-0.00022213,-0.9,0,0.4,-6.34657142857143E-06
-1.35,-0.00022224,-0.9,0,0.4,-6.34971428571429E-06
-1.36,-0.00022237,-0.9,0,0.4,-6.35342857142857E-06
-1.37,-0.0002225,-0.9,0,0.4,-6.35714285714286E-06
-1.38,-0.00022267,-0.9,0,0.4,-6.362E-06
-1.39,-0.00022276,-0.9,0,0.4,-6.36457142857143E-06
-1.4,-0.00022289,-0.9,0,0.4,-6.36828571428571E-06
-1.41,-0.00022301,-0.9,0,0.4,-6.37171428571429E-06
-1.42,-0.00022317,-0.9,0,0.4,-6.37628571428571E-06
-1.43,-0.00022331,-0.9,0,0.4,-6.38028571428571E-06
-1.44,-0.00022344,-0.9,0,0.4,-6.384E-06
-1.45,-0.00022359,-0.9,0,0.4,-6.38828571428571E-06
-1.46,-0.00022368,-0.9,0,0.4,-6.39085714285714E-06
-1.47,-0.00022379,-0.9,0,0.4,-6.394E-06
-1.48,-0.00022394,-0.9,0,0.4,-6.39828571428571E-06
-1.49,-0.00022403,-0.9,0,0.4,-6.40085714285714E-06
-1.5,-0.00022416,-0.9,0,0.4,-6.40457142857143E-06
-1.51,-0.00022434,-0.9,0,0.4,-6.40971428571428E-06
-1.52,-0.00022443,-0.9,0,0.4,-6.41228571428571E-06
-1.53,-0.00022455,-0.9,0,0.4,-6.41571428571429E-06
-1.54,-0.00022464,-0.9,0,0.4,-6.41828571428571E-06
-1.55,-0.00022479,-0.9,0,0.4,-6.42257142857143E-06
-1.56,-0.00022492,-0.9,0,0.4,-6.42628571428571E-06
-1.57,-0.00022504,-0.9,0,0.4,-6.42971428571429E-06
-1.58,-0.00022513,-0.9,0,0.4,-6.43228571428571E-06
-1.59,-0.00022526,-0.9,0,0.4,-6.436E-06
-1.6,-0.00022539,-0.9,0,0.4,-6.43971428571429E-06
-1.61,-0.00022551,-0.9,0,0.4,-6.44314285714286E-06
-1.62,-0.00022562,-0.9,0,0.4,-6.44628571428571E-06
-1.63,-0.00022573,-0.9,0,0.4,-6.44942857142857E-06
-1.64,-0.00022588,-0.9,0,0.4,-6.45371428571429E-06
-1.65,-0.000226,-0.9,0,0.4,-6.45714285714286E-06
-1.66,-0.00022612,-0.9,0,0.4,-6.46057142857143E-06
-1.67,-0.00022621,-0.9,0,0.4,-6.46314285714286E-06
-1.68,-0.00022631,-0.9,0,0.4,-6.466E-06
-1.69,-0.00022645,-0.9,0,0.4,-6.47E-06
-1.7,-0.00022654,-0.9,0,0.4,-6.47257142857143E-06
-1.71,-0.00022666,-0.9,0,0.4,-6.476E-06
-1.72,-0.00022678,-0.9,0,0.4,-6.47942857142857E-06
-1.73,-0.0002269,-0.9,0,0.4,-6.48285714285714E-06
-1.74,-0.000227,-0.9,0,0.4,-6.48571428571429E-06
-1.75,-0.00022713,-0.9,0,0.4,-6.48942857142857E-06
-1.76,-0.00022721,-0.9,0,0.4,-6.49171428571429E-06
-1.77,-0.00022736,-0.9,0,0.4,-6.496E-06
-1.78,-0.00022744,-0.9,0,0.4,-6.49828571428571E-06
-1.79,-0.00022753,-0.9,0,0.4,-6.50085714285714E-06
-1.8,-0.00022761,-0.9,0,0.4,-6.50314285714286E-06
0,-1.845E-07,-1.2,0,0.4,-5.27142857142857E-09
-0.01,-2.5395E-05,-1.2,0,0.4,-7.25571428571429E-07
-0.02,-4.9892E-05,-1.2,0,0.4,-1.42548571428571E-06
-0.03,-7.3718E-05,-1.2,0,0.4,-2.10622857142857E-06
-0.04,-9.7088E-05,-1.2,0,0.4,-2.77394285714286E-06
-0.05,-0.00012004,-1.2,0,0.4,-3.42971428571429E-06
-0.06,-0.00014251,-1.2,0,0.4,-4.07171428571429E-06
-0.07,-0.00016467,-1.2,0,0.4,-4.70485714285714E-06
-0.08,-0.00018609,-1.2,0,0.4,-5.31685714285714E-06
-0.09,-0.00020703,-1.2,0,0.4,-5.91514285714286E-06
-0.1,-0.00022775,-1.2,0,0.4,-6.50714285714286E-06
-0.11,-0.00024776,-1.2,0,0.4,-7.07885714285714E-06
-0.12,-0.0002673,-1.2,0,0.4,-7.63714285714286E-06
-0.13,-0.00028648,-1.2,0,0.4,-8.18514285714286E-06
-0.14,-0.00030506,-1.2,0,0.4,-8.716E-06
-0.15,-0.00032334,-1.2,0,0.4,-9.23828571428571E-06
-0.16,-0.00034091,-1.2,0,0.4,-9.74028571428571E-06
-0.17,-0.00035791,-1.2,0,0.4,-1.0226E-05
-0.18,-0.00037466,-1.2,0,0.4,-1.07045714285714E-05
-0.19,-0.00039078,-1.2,0,0.4,-1.11651428571429E-05
-0.2,-0.00040651,-1.2,0,0.4,-1.16145714285714E-05
-0.21,-0.00042172,-1.2,0,0.4,-1.20491428571429E-05
-0.22,-0.00043628,-1.2,0,0.4,-1.24651428571429E-05
-0.23,-0.00045052,-1.2,0,0.4,-1.2872E-05
-0.24,-0.00046408,-1.2,0,0.4,-1.32594285714286E-05
-0.25,-0.00047732,-1.2,0,0.4,-1.36377142857143E-05
-0.26,-0.00049008,-1.2,0,0.4,-1.40022857142857E-05
-0.27,-0.00050225,-1.2,0,0.4,-1.435E-05
-0.28,-0.00051402,-1.2,0,0.4,-1.46862857142857E-05
-0.29,-0.00052521,-1.2,0,0.4,-1.5006E-05
-0.3,-0.00053589,-1.2,0,0.4,-1.53111428571429E-05
-0.31,-0.00054617,-1.2,0,0.4,-1.56048571428571E-05
-0.32,-0.0005559,-1.2,0,0.4,-1.58828571428571E-05
-0.33,-0.00056523,-1.2,0,0.4,-1.61494285714286E-05
-0.34,-0.00057407,-1.2,0,0.4,-1.6402E-05
-0.35,-0.0005825,-1.2,0,0.4,-1.66428571428571E-05
-0.36,-0.00059037,-1.2,0,0.4,-1.68677142857143E-05
-0.37,-0.00059783,-1.2,0,0.4,-1.70808571428571E-05
-0.38,-0.00060485,-1.2,0,0.4,-1.72814285714286E-05
-0.39,-0.00061154,-1.2,0,0.4,-1.74725714285714E-05
-0.4,-0.00061772,-1.2,0,0.4,-1.76491428571429E-05
-0.41,-0.00062352,-1.2,0,0.4,-1.78148571428571E-05
-0.42,-0.00062896,-1.2,0,0.4,-1.79702857142857E-05
-0.43,-0.00063404,-1.2,0,0.4,-1.81154285714286E-05
-0.44,-0.00063874,-1.2,0,0.4,-1.82497142857143E-05
-0.45,-0.00064319,-1.2,0,0.4,-1.83768571428571E-05
-0.46,-0.00064729,-1.2,0,0.4,-1.8494E-05
-0.47,-0.00065112,-1.2,0,0.4,-1.86034285714286E-05
-0.48,-0.00065468,-1.2,0,0.4,-1.87051428571429E-05
-0.49,-0.0006579,-1.2,0,0.4,-1.87971428571429E-05
-0.5,-0.00066095,-1.2,0,0.4,-1.88842857142857E-05
-0.51,-0.00066379,-1.2,0,0.4,-1.89654285714286E-05
-0.52,-0.00066637,-1.2,0,0.4,-1.90391428571429E-05
-0.53,-0.00066886,-1.2,0,0.4,-1.91102857142857E-05
-0.54,-0.00067115,-1.2,0,0.4,-1.91757142857143E-05
-0.55,-0.00067319,-1.2,0,0.4,-1.9234E-05
-0.56,-0.00067509,-1.2,0,0.4,-1.92882857142857E-05
-0.57,-0.00067696,-1.2,0,0.4,-1.93417142857143E-05
-0.58,-0.00067869,-1.2,0,0.4,-1.93911428571429E-05
-0.59,-0.00068032,-1.2,0,0.4,-1.94377142857143E-05
-0.6,-0.00068181,-1.2,0,0.4,-1.94802857142857E-05
-0.61,-0.00068327,-1.2,0,0.4,-1.9522E-05
-0.62,-0.00068464,-1.2,0,0.4,-1.95611428571429E-05
-0.63,-0.00068601,-1.2,0,0.4,-1.96002857142857E-05
-0.64,-0.00068717,-1.2,0,0.4,-1.96334285714286E-05
-0.65,-0.00068838,-1.2,0,0.4,-1.9668E-05
-0.66,-0.00068945,-1.2,0,0.4,-1.96985714285714E-05
-0.67,-0.00069056,-1.2,0,0.4,-1.97302857142857E-05
-0.68,-0.00069157,-1.2,0,0.4,-1.97591428571429E-05
-0.69,-0.00069259,-1.2,0,0.4,-1.97882857142857E-05
-0.7,-0.00069346,-1.2,0,0.4,-1.98131428571429E-05
-0.71,-0.00069432,-1.2,0,0.4,-1.98377142857143E-05
-0.72,-0.00069522,-1.2,0,0.4,-1.98634285714286E-05
-0.73,-0.00069609,-1.2,0,0.4,-1.98882857142857E-05
-0.74,-0.00069693,-1.2,0,0.4,-1.99122857142857E-05
-0.75,-0.00069771,-1.2,0,0.4,-1.99345714285714E-05
-0.76,-0.00069858,-1.2,0,0.4,-1.99594285714286E-05
-0.77,-0.00069935,-1.2,0,0.4,-1.99814285714286E-05
-0.78,-0.00070009,-1.2,0,0.4,-2.00025714285714E-05
-0.79,-0.00070087,-1.2,0,0.4,-2.00248571428571E-05
-0.8,-0.00070159,-1.2,0,0.4,-2.00454285714286E-05
-0.81,-0.00070225,-1.2,0,0.4,-2.00642857142857E-05
-0.82,-0.00070298,-1.2,0,0.4,-2.00851428571429E-05
-0.83,-0.00070361,-1.2,0,0.4,-2.01031428571429E-05
-0.84,-0.00070425,-1.2,0,0.4,-2.01214285714286E-05
-0.85,-0.00070491,-1.2,0,0.4,-2.01402857142857E-05
-0.86,-0.00070561,-1.2,0,0.4,-2.01602857142857E-05
-0.87,-0.00070622,-1.2,0,0.4,-2.01777142857143E-05
-0.88,-0.00070686,-1.2,0,0.4,-2.0196E-05
-0.89,-0.00070746,-1.2,0,0.4,-2.02131428571429E-05
-0.9,-0.00070806,-1.2,0,0.4,-2.02302857142857E-05
-0.91,-0.00070867,-1.2,0,0.4,-2.02477142857143E-05
-0.92,-0.00070922,-1.2,0,0.4,-2.02634285714286E-05
-0.93,-0.00070968,-1.2,0,0.4,-2.02765714285714E-05
-0.94,-0.00071028,-1.2,0,0.4,-2.02937142857143E-05
-0.95,-0.00071086,-1.2,0,0.4,-2.03102857142857E-05
-0.96,-0.00071142,-1.2,0,0.4,-2.03262857142857E-05
-0.97,-0.00071199,-1.2,0,0.4,-2.03425714285714E-05
-0.98,-0.00071249,-1.2,0,0.4,-2.03568571428571E-05
-0.99,-0.00071303,-1.2,0,0.4,-2.03722857142857E-05
-1,-0.00071353,-1.2,0,0.4,-2.03865714285714E-05
-1.01,-0.00071409,-1.2,0,0.4,-2.04025714285714E-05
-1.02,-0.0007146,-1.2,0,0.4,-2.04171428571429E-05
-1.03,-0.00071509,-1.2,0,0.4,-2.04311428571429E-05
-1.04,-0.00071556,-1.2,0,0.4,-2.04445714285714E-05
-1.05,-0.00071611,-1.2,0,0.4,-2.04602857142857E-05
-1.06,-0.00071659,-1.2,0,0.4,-2.0474E-05
-1.07,-0.00071701,-1.2,0,0.4,-2.0486E-05
-1.08,-0.00071758,-1.2,0,0.4,-2.05022857142857E-05
-1.09,-0.00071808,-1.2,0,0.4,-2.05165714285714E-05
-1.1,-0.00071851,-1.2,0,0.4,-2.05288571428571E-05
-1.11,-0.00071905,-1.2,0,0.4,-2.05442857142857E-05
-1.12,-0.00071947,-1.2,0,0.4,-2.05562857142857E-05
-1.13,-0.00071996,-1.2,0,0.4,-2.05702857142857E-05
-1.14,-0.0007204,-1.2,0,0.4,-2.05828571428571E-05
-1.15,-0.00072083,-1.2,0,0.4,-2.05951428571429E-05
-1.16,-0.0007213,-1.2,0,0.4,-2.06085714285714E-05
-1.17,-0.00072171,-1.2,0,0.4,-2.06202857142857E-05
-1.18,-0.00072219,-1.2,0,0.4,-2.0634E-05
-1.19,-0.0007226,-1.2,0,0.4,-2.06457142857143E-05
-1.2,-0.00072304,-1.2,0,0.4,-2.06582857142857E-05
-1.21,-0.00072344,-1.2,0,0.4,-2.06697142857143E-05
-1.22,-0.0007239,-1.2,0,0.4,-2.06828571428571E-05
-1.23,-0.00072435,-1.2,0,0.4,-2.06957142857143E-05
-1.24,-0.00072474,-1.2,0,0.4,-2.07068571428571E-05
-1.25,-0.00072523,-1.2,0,0.4,-2.07208571428571E-05
-1.26,-0.00072558,-1.2,0,0.4,-2.07308571428571E-05
-1.27,-0.00072594,-1.2,0,0.4,-2.07411428571429E-05
-1.28,-0.00072641,-1.2,0,0.4,-2.07545714285714E-05
-1.29,-0.00072677,-1.2,0,0.4,-2.07648571428571E-05
-1.3,-0.00072721,-1.2,0,0.4,-2.07774285714286E-05
-1.31,-0.0007276,-1.2,0,0.4,-2.07885714285714E-05
-1.32,-0.00072793,-1.2,0,0.4,-2.0798E-05
-1.33,-0.00072837,-1.2,0,0.4,-2.08105714285714E-05
-1.34,-0.00072881,-1.2,0,0.4,-2.08231428571429E-05
-1.35,-0.00072918,-1.2,0,0.4,-2.08337142857143E-05
-1.36,-0.00072956,-1.2,0,0.4,-2.08445714285714E-05
-1.37,-0.00072995,-1.2,0,0.4,-2.08557142857143E-05
-1.38,-0.00073033,-1.2,0,0.4,-2.08665714285714E-05
-1.39,-0.00073077,-1.2,0,0.4,-2.08791428571429E-05
-1.4,-0.00073112,-1.2,0,0.4,-2.08891428571429E-05
-1.41,-0.00073149,-1.2,0,0.4,-2.08997142857143E-05
-1.42,-0.0007319,-1.2,0,0.4,-2.09114285714286E-05
-1.43,-0.00073223,-1.2,0,0.4,-2.09208571428571E-05
-1.44,-0.00073259,-1.2,0,0.4,-2.09311428571429E-05
-1.45,-0.00073295,-1.2,0,0.4,-2.09414285714286E-05
-1.46,-0.00073336,-1.2,0,0.4,-2.09531428571429E-05
-1.47,-0.00073367,-1.2,0,0.4,-2.0962E-05
-1.48,-0.00073411,-1.2,0,0.4,-2.09745714285714E-05
-1.49,-0.00073448,-1.2,0,0.4,-2.09851428571429E-05
-1.5,-0.00073478,-1.2,0,0.4,-2.09937142857143E-05
-1.51,-0.00073515,-1.2,0,0.4,-2.10042857142857E-05
-1.52,-0.00073551,-1.2,0,0.4,-2.10145714285714E-05
-1.53,-0.00073585,-1.2,0,0.4,-2.10242857142857E-05
-1.54,-0.0007362,-1.2,0,0.4,-2.10342857142857E-05
-1.55,-0.00073652,-1.2,0,0.4,-2.10434285714286E-05
-1.56,-0.00073689,-1.2,0,0.4,-2.1054E-05
-1.57,-0.00073724,-1.2,0,0.4,-2.1064E-05
-1.58,-0.00073754,-1.2,0,0.4,-2.10725714285714E-05
-1.59,-0.00073784,-1.2,0,0.4,-2.10811428571429E-05
-1.6,-0.00073826,-1.2,0,0.4,-2.10931428571429E-05
-1.61,-0.00073859,-1.2,0,0.4,-2.11025714285714E-05
-1.62,-0.00073891,-1.2,0,0.4,-2.11117142857143E-05
-1.63,-0.00073927,-1.2,0,0.4,-2.1122E-05
-1.64,-0.00073957,-1.2,0,0.4,-2.11305714285714E-05
-1.65,-0.00073986,-1.2,0,0.4,-2.11388571428571E-05
-1.66,-0.0007403,-1.2,0,0.4,-2.11514285714286E-05
-1.67,-0.00074065,-1.2,0,0.4,-2.11614285714286E-05
-1.68,-0.00074099,-1.2,0,0.4,-2.11711428571429E-05
-1.69,-0.00074121,-1.2,0,0.4,-2.11774285714286E-05
-1.7,-0.00074156,-1.2,0,0.4,-2.11874285714286E-05
-1.71,-0.00074194,-1.2,0,0.4,-2.11982857142857E-05
-1.72,-0.00074226,-1.2,0,0.4,-2.12074285714286E-05
-1.73,-0.00074254,-1.2,0,0.4,-2.12154285714286E-05
-1.74,-0.00074284,-1.2,0,0.4,-2.1224E-05
-1.75,-0.00074316,-1.2,0,0.4,-2.12331428571429E-05
-1.76,-0.00074349,-1.2,0,0.4,-2.12425714285714E-05
-1.77,-0.00074373,-1.2,0,0.4,-2.12494285714286E-05
-1.78,-0.00074405,-1.2,0,0.4,-2.12585714285714E-05
-1.79,-0.0007444,-1.2,0,0.4,-2.12685714285714E-05
-1.8,-0.00074467,-1.2,0,0.4,-2.12762857142857E-05
0,-1.873E-07,-1.5,0,0.4,-5.35142857142857E-09
-0.01,-3.4771E-05,-1.5,0,0.4,-9.93457142857143E-07
-0.02,-6.8785E-05,-1.5,0,0.4,-1.96528571428571E-06
-0.03,-0.000102121,-1.5,0,0.4,-2.91774285714286E-06
-0.04,-0.00013495,-1.5,0,0.4,-3.85571428571429E-06
-0.05,-0.00016777,-1.5,0,0.4,-4.79342857142857E-06
-0.06,-0.00019973,-1.5,0,0.4,-5.70657142857143E-06
-0.07,-0.0002316,-1.5,0,0.4,-6.61714285714286E-06
-0.08,-0.00026285,-1.5,0,0.4,-7.51E-06
-0.09,-0.00029375,-1.5,0,0.4,-8.39285714285714E-06
-0.1,-0.00032438,-1.5,0,0.4,-9.268E-06
-0.11,-0.00035439,-1.5,0,0.4,-1.01254285714286E-05
-0.12,-0.00038397,-1.5,0,0.4,-1.09705714285714E-05
-0.13,-0.00041335,-1.5,0,0.4,-1.181E-05
-0.14,-0.00044211,-1.5,0,0.4,-1.26317142857143E-05
-0.15,-0.00047062,-1.5,0,0.4,-1.34462857142857E-05
-0.16,-0.00049839,-1.5,0,0.4,-1.42397142857143E-05
-0.17,-0.00052577,-1.5,0,0.4,-1.5022E-05
-0.18,-0.00055303,-1.5,0,0.4,-1.58008571428571E-05
-0.19,-0.00057961,-1.5,0,0.4,-1.65602857142857E-05
-0.2,-0.000606,-1.5,0,0.4,-1.73142857142857E-05
-0.21,-0.00063163,-1.5,0,0.4,-1.80465714285714E-05
-0.22,-0.00065687,-1.5,0,0.4,-1.87677142857143E-05
-0.23,-0.00068201,-1.5,0,0.4,-1.9486E-05
-0.24,-0.00070631,-1.5,0,0.4,-2.01802857142857E-05
-0.25,-0.00073032,-1.5,0,0.4,-2.08662857142857E-05
-0.26,-0.00075389,-1.5,0,0.4,-2.15397142857143E-05
-0.27,-0.00077699,-1.5,0,0.4,-2.21997142857143E-05
-0.28,-0.00079994,-1.5,0,0.4,-2.28554285714286E-05
-0.29,-0.00082196,-1.5,0,0.4,-2.34845714285714E-05
-0.3,-0.00084362,-1.5,0,0.4,-2.41034285714286E-05
-0.31,-0.00086493,-1.5,0,0.4,-2.47122857142857E-05
-0.32,-0.00088582,-1.5,0,0.4,-2.53091428571429E-05
-0.33,-0.00090634,-1.5,0,0.4,-2.58954285714286E-05
-0.34,-0.00092611,-1.5,0,0.4,-2.64602857142857E-05
-0.35,-0.00094566,-1.5,0,0.4,-2.70188571428571E-05
-0.36,-0.00096452,-1.5,0,0.4,-2.75577142857143E-05
-0.37,-0.00098328,-1.5,0,0.4,-2.80937142857143E-05
-0.38,-0.00100128,-1.5,0,0.4,-2.8608E-05
-0.39,-0.00101895,-1.5,0,0.4,-2.91128571428571E-05
-0.4,-0.00103601,-1.5,0,0.4,-2.96002857142857E-05
-0.41,-0.00105279,-1.5,0,0.4,-3.00797142857143E-05
-0.42,-0.00106899,-1.5,0,0.4,-3.05425714285714E-05
-0.43,-0.00108485,-1.5,0,0.4,-3.09957142857143E-05
-0.44,-0.00110008,-1.5,0,0.4,-3.14308571428571E-05
-0.45,-0.00111502,-1.5,0,0.4,-3.18577142857143E-05
-0.46,-0.00112935,-1.5,0,0.4,-3.22671428571429E-05
-0.47,-0.00114345,-1.5,0,0.4,-3.267E-05
-0.48,-0.001157,-1.5,0,0.4,-3.30571428571429E-05
-0.49,-0.0011702,-1.5,0,0.4,-3.34342857142857E-05
-0.5,-0.0011828,-1.5,0,0.4,-3.37942857142857E-05
-0.51,-0.0011951,-1.5,0,0.4,-3.41457142857143E-05
-0.52,-0.0012066,-1.5,0,0.4,-3.44742857142857E-05
-0.53,-0.0012178,-1.5,0,0.4,-3.47942857142857E-05
-0.54,-0.0012287,-1.5,0,0.4,-3.51057142857143E-05
-0.55,-0.0012389,-1.5,0,0.4,-3.53971428571429E-05
-0.56,-0.0012489,-1.5,0,0.4,-3.56828571428571E-05
-0.57,-0.0012585,-1.5,0,0.4,-3.59571428571429E-05
-0.58,-0.0012677,-1.5,0,0.4,-3.622E-05
-0.59,-0.0012764,-1.5,0,0.4,-3.64685714285714E-05
-0.6,-0.0012848,-1.5,0,0.4,-3.67085714285714E-05
-0.61,-0.0012928,-1.5,0,0.4,-3.69371428571429E-05
-0.62,-0.0013002,-1.5,0,0.4,-3.71485714285714E-05
-0.63,-0.0013073,-1.5,0,0.4,-3.73514285714286E-05
-0.64,-0.0013145,-1.5,0,0.4,-3.75571428571429E-05
-0.65,-0.001321,-1.5,0,0.4,-3.77428571428571E-05
-0.66,-0.0013272,-1.5,0,0.4,-3.792E-05
-0.67,-0.0013329,-1.5,0,0.4,-3.80828571428571E-05
-0.68,-0.0013385,-1.5,0,0.4,-3.82428571428571E-05
-0.69,-0.0013436,-1.5,0,0.4,-3.83885714285714E-05
-0.7,-0.0013486,-1.5,0,0.4,-3.85314285714286E-05
-0.71,-0.0013533,-1.5,0,0.4,-3.86657142857143E-05
-0.72,-0.0013578,-1.5,0,0.4,-3.87942857142857E-05
-0.73,-0.0013618,-1.5,0,0.4,-3.89085714285714E-05
-0.74,-0.001366,-1.5,0,0.4,-3.90285714285714E-05
-0.75,-0.0013693,-1.5,0,0.4,-3.91228571428571E-05
-0.76,-0.001373,-1.5,0,0.4,-3.92285714285714E-05
-0.77,-0.0013764,-1.5,0,0.4,-3.93257142857143E-05
-0.78,-0.0013796,-1.5,0,0.4,-3.94171428571428E-05
-0.79,-0.0013826,-1.5,0,0.4,-3.95028571428571E-05
-0.8,-0.0013855,-1.5,0,0.4,-3.95857142857143E-05
-0.81,-0.0013883,-1.5,0,0.4,-3.96657142857143E-05
-0.82,-0.001391,-1.5,0,0.4,-3.97428571428571E-05
-0.83,-0.0013931,-1.5,0,0.4,-3.98028571428571E-05
-0.84,-0.0013957,-1.5,0,0.4,-3.98771428571428E-05
-0.85,-0.0013981,-1.5,0,0.4,-3.99457142857143E-05
-0.86,-0.0014002,-1.5,0,0.4,-4.00057142857143E-05
-0.87,-0.0014023,-1.5,0,0.4,-4.00657142857143E-05
-0.88,-0.0014039,-1.5,0,0.4,-4.01114285714286E-05
-0.89,-0.0014062,-1.5,0,0.4,-4.01771428571429E-05
-0.9,-0.001408,-1.5,0,0.4,-4.02285714285714E-05
-0.91,-0.0014099,-1.5,0,0.4,-4.02828571428571E-05
-0.92,-0.0014114,-1.5,0,0.4,-4.03257142857143E-05
-0.93,-0.001413,-1.5,0,0.4,-4.03714285714286E-05
-0.94,-0.0014148,-1.5,0,0.4,-4.04228571428571E-05
-0.95,-0.0014162,-1.5,0,0.4,-4.04628571428571E-05
-0.96,-0.0014177,-1.5,0,0.4,-4.05057142857143E-05
-0.97,-0.0014193,-1.5,0,0.4,-4.05514285714286E-05
-0.98,-0.0014205,-1.5,0,0.4,-4.05857142857143E-05
-0.99,-0.0014219,-1.5,0,0.4,-4.06257142857143E-05
-1,-0.0014233,-1.5,0,0.4,-4.06657142857143E-05
-1.01,-0.0014246,-1.5,0,0.4,-4.07028571428571E-05
-1.02,-0.0014261,-1.5,0,0.4,-4.07457142857143E-05
-1.03,-0.001427,-1.5,0,0.4,-4.07714285714286E-05
-1.04,-0.0014283,-1.5,0,0.4,-4.08085714285714E-05
-1.05,-0.0014293,-1.5,0,0.4,-4.08371428571429E-05
-1.06,-0.0014308,-1.5,0,0.4,-4.088E-05
-1.07,-0.0014317,-1.5,0,0.4,-4.09057142857143E-05
-1.08,-0.001433,-1.5,0,0.4,-4.09428571428571E-05
-1.09,-0.0014342,-1.5,0,0.4,-4.09771428571428E-05
-1.1,-0.0014353,-1.5,0,0.4,-4.10085714285714E-05
-1.11,-0.0014363,-1.5,0,0.4,-4.10371428571429E-05
-1.12,-0.0014374,-1.5,0,0.4,-4.10685714285714E-05
-1.13,-0.0014384,-1.5,0,0.4,-4.10971428571429E-05
-1.14,-0.0014398,-1.5,0,0.4,-4.11371428571429E-05
-1.15,-0.0014406,-1.5,0,0.4,-4.116E-05
-1.16,-0.0014414,-1.5,0,0.4,-4.11828571428571E-05
-1.17,-0.0014424,-1.5,0,0.4,-4.12114285714286E-05
-1.18,-0.0014435,-1.5,0,0.4,-4.12428571428571E-05
-1.19,-0.0014444,-1.5,0,0.4,-4.12685714285714E-05
-1.2,-0.0014453,-1.5,0,0.4,-4.12942857142857E-05
-1.21,-0.0014462,-1.5,0,0.4,-4.132E-05
-1.22,-0.0014471,-1.5,0,0.4,-4.13457142857143E-05
-1.23,-0.0014481,-1.5,0,0.4,-4.13742857142857E-05
-1.24,-0.0014489,-1.5,0,0.4,-4.13971428571429E-05
-1.25,-0.0014498,-1.5,0,0.4,-4.14228571428571E-05
-1.26,-0.0014508,-1.5,0,0.4,-4.14514285714286E-05
-1.27,-0.0014517,-1.5,0,0.4,-4.14771428571429E-05
-1.28,-0.0014523,-1.5,0,0.4,-4.14942857142857E-05
-1.29,-0.0014531,-1.5,0,0.4,-4.15171428571429E-05
-1.3,-0.0014538,-1.5,0,0.4,-4.15371428571428E-05
-1.31,-0.0014549,-1.5,0,0.4,-4.15685714285714E-05
-1.32,-0.0014557,-1.5,0,0.4,-4.15914285714286E-05
-1.33,-0.0014564,-1.5,0,0.4,-4.16114285714286E-05
-1.34,-0.0014573,-1.5,0,0.4,-4.16371428571429E-05
-1.35,-0.0014579,-1.5,0,0.4,-4.16542857142857E-05
-1.36,-0.0014587,-1.5,0,0.4,-4.16771428571429E-05
-1.37,-0.0014596,-1.5,0,0.4,-4.17028571428571E-05
-1.38,-0.0014603,-1.5,0,0.4,-4.17228571428571E-05
-1.39,-0.0014611,-1.5,0,0.4,-4.17457142857143E-05
-1.4,-0.0014621,-1.5,0,0.4,-4.17742857142857E-05
-1.41,-0.0014627,-1.5,0,0.4,-4.17914285714286E-05
-1.42,-0.0014635,-1.5,0,0.4,-4.18142857142857E-05
-1.43,-0.0014642,-1.5,0,0.4,-4.18342857142857E-05
-1.44,-0.0014648,-1.5,0,0.4,-4.18514285714286E-05
-1.45,-0.0014655,-1.5,0,0.4,-4.18714285714286E-05
-1.46,-0.0014662,-1.5,0,0.4,-4.18914285714286E-05
-1.47,-0.001467,-1.5,0,0.4,-4.19142857142857E-05
-1.48,-0.0014678,-1.5,0,0.4,-4.19371428571429E-05
-1.49,-0.0014685,-1.5,0,0.4,-4.19571428571428E-05
-1.5,-0.0014693,-1.5,0,0.4,-4.198E-05
-1.51,-0.0014697,-1.5,0,0.4,-4.19914285714286E-05
-1.52,-0.0014705,-1.5,0,0.4,-4.20142857142857E-05
-1.53,-0.0014713,-1.5,0,0.4,-4.20371428571429E-05
-1.54,-0.0014719,-1.5,0,0.4,-4.20542857142857E-05
-1.55,-0.0014726,-1.5,0,0.4,-4.20742857142857E-05
-1.56,-0.0014732,-1.5,0,0.4,-4.20914285714286E-05
-1.57,-0.001474,-1.5,0,0.4,-4.21142857142857E-05
-1.58,-0.0014747,-1.5,0,0.4,-4.21342857142857E-05
-1.59,-0.0014752,-1.5,0,0.4,-4.21485714285714E-05
-1.6,-0.001476,-1.5,0,0.4,-4.21714285714286E-05
-1.61,-0.0014766,-1.5,0,0.4,-4.21885714285714E-05
-1.62,-0.0014772,-1.5,0,0.4,-4.22057142857143E-05
-1.63,-0.0014778,-1.5,0,0.4,-4.22228571428571E-05
-1.64,-0.0014784,-1.5,0,0.4,-4.224E-05
-1.65,-0.001479,-1.5,0,0.4,-4.22571428571428E-05
-1.66,-0.0014796,-1.5,0,0.4,-4.22742857142857E-05
-1.67,-0.0014803,-1.5,0,0.4,-4.22942857142857E-05
-1.68,-0.001481,-1.5,0,0.4,-4.23142857142857E-05
-1.69,-0.0014818,-1.5,0,0.4,-4.23371428571429E-05
-1.7,-0.0014822,-1.5,0,0.4,-4.23485714285714E-05
-1.71,-0.0014827,-1.5,0,0.4,-4.23628571428571E-05
-1.72,-0.0014833,-1.5,0,0.4,-4.238E-05
-1.73,-0.0014839,-1.5,0,0.4,-4.23971428571429E-05
-1.74,-0.0014845,-1.5,0,0.4,-4.24142857142857E-05
-1.75,-0.0014852,-1.5,0,0.4,-4.24342857142857E-05
-1.76,-0.0014857,-1.5,0,0.4,-4.24485714285714E-05
-1.77,-0.0014864,-1.5,0,0.4,-4.24685714285714E-05
-1.78,-0.001487,-1.5,0,0.4,-4.24857142857143E-05
-1.79,-0.0014876,-1.5,0,0.4,-4.25028571428571E-05
-1.8,-0.0014882,-1.5,0,0.4,-4.252E-05
0,-1.6834E-07,-1.8,0,0.4,-4.80971428571428E-09
-0.01,-4.2541E-05,-1.8,0,0.4,-1.21545714285714E-06
-0.02,-8.419E-05,-1.8,0,0.4,-2.40542857142857E-06
-0.03,-0.0001251,-1.8,0,0.4,-3.57428571428571E-06
-0.04,-0.00016569,-1.8,0,0.4,-4.734E-06
-0.05,-0.00020648,-1.8,0,0.4,-5.89942857142857E-06
-0.06,-0.00024649,-1.8,0,0.4,-7.04257142857143E-06
-0.07,-0.00028637,-1.8,0,0.4,-8.182E-06
-0.08,-0.00032555,-1.8,0,0.4,-9.30142857142857E-06
-0.09,-0.00036445,-1.8,0,0.4,-1.04128571428571E-05
-0.1,-0.00040339,-1.8,0,0.4,-1.15254285714286E-05
-0.11,-0.0004417,-1.8,0,0.4,-1.262E-05
-0.12,-0.00047931,-1.8,0,0.4,-1.36945714285714E-05
-0.13,-0.00051707,-1.8,0,0.4,-1.47734285714286E-05
-0.14,-0.000554,-1.8,0,0.4,-1.58285714285714E-05
-0.15,-0.00059107,-1.8,0,0.4,-1.68877142857143E-05
-0.16,-0.00062738,-1.8,0,0.4,-1.79251428571429E-05
-0.17,-0.00066335,-1.8,0,0.4,-1.89528571428571E-05
-0.18,-0.00069917,-1.8,0,0.4,-1.99762857142857E-05
-0.19,-0.00073434,-1.8,0,0.4,-2.09811428571429E-05
-0.2,-0.00076953,-1.8,0,0.4,-2.19865714285714E-05
-0.21,-0.0008039,-1.8,0,0.4,-2.29685714285714E-05
-0.22,-0.00083788,-1.8,0,0.4,-2.39394285714286E-05
-0.23,-0.00087179,-1.8,0,0.4,-2.49082857142857E-05
-0.24,-0.00090509,-1.8,0,0.4,-2.58597142857143E-05
-0.25,-0.00093808,-1.8,0,0.4,-2.68022857142857E-05
-0.26,-0.00097082,-1.8,0,0.4,-2.77377142857143E-05
-0.27,-0.00100271,-1.8,0,0.4,-2.86488571428571E-05
-0.28,-0.00103475,-1.8,0,0.4,-2.95642857142857E-05
-0.29,-0.00106606,-1.8,0,0.4,-3.04588571428571E-05
-0.3,-0.00109699,-1.8,0,0.4,-3.13425714285714E-05
-0.31,-0.00112781,-1.8,0,0.4,-3.22231428571429E-05
-0.32,-0.001158,-1.8,0,0.4,-3.30857142857143E-05
-0.33,-0.0011879,-1.8,0,0.4,-3.394E-05
-0.34,-0.0012173,-1.8,0,0.4,-3.478E-05
-0.35,-0.0012462,-1.8,0,0.4,-3.56057142857143E-05
-0.36,-0.0012748,-1.8,0,0.4,-3.64228571428571E-05
-0.37,-0.0013032,-1.8,0,0.4,-3.72342857142857E-05
-0.38,-0.0013311,-1.8,0,0.4,-3.80314285714286E-05
-0.39,-0.0013583,-1.8,0,0.4,-3.88085714285714E-05
-0.4,-0.001385,-1.8,0,0.4,-3.95714285714286E-05
-0.41,-0.0014116,-1.8,0,0.4,-4.03314285714286E-05
-0.42,-0.0014375,-1.8,0,0.4,-4.10714285714286E-05
-0.43,-0.0014634,-1.8,0,0.4,-4.18114285714286E-05
-0.44,-0.0014886,-1.8,0,0.4,-4.25314285714286E-05
-0.45,-0.0015134,-1.8,0,0.4,-4.324E-05
-0.46,-0.0015379,-1.8,0,0.4,-4.394E-05
-0.47,-0.0015617,-1.8,0,0.4,-4.462E-05
-0.48,-0.0015855,-1.8,0,0.4,-4.53E-05
-0.49,-0.0016087,-1.8,0,0.4,-4.59628571428571E-05
-0.5,-0.0016312,-1.8,0,0.4,-4.66057142857143E-05
-0.51,-0.0016536,-1.8,0,0.4,-4.72457142857143E-05
-0.52,-0.0016753,-1.8,0,0.4,-4.78657142857143E-05
-0.53,-0.001697,-1.8,0,0.4,-4.84857142857143E-05
-0.54,-0.001718,-1.8,0,0.4,-4.90857142857143E-05
-0.55,-0.0017385,-1.8,0,0.4,-4.96714285714286E-05
-0.56,-0.0017584,-1.8,0,0.4,-5.024E-05
-0.57,-0.0017782,-1.8,0,0.4,-5.08057142857143E-05
-0.58,-0.0017976,-1.8,0,0.4,-5.136E-05
-0.59,-0.0018162,-1.8,0,0.4,-5.18914285714286E-05
-0.6,-0.001835,-1.8,0,0.4,-5.24285714285714E-05
-0.61,-0.0018529,-1.8,0,0.4,-5.294E-05
-0.62,-0.0018702,-1.8,0,0.4,-5.34342857142857E-05
-0.63,-0.0018872,-1.8,0,0.4,-5.392E-05
-0.64,-0.0019041,-1.8,0,0.4,-5.44028571428571E-05
-0.65,-0.0019205,-1.8,0,0.4,-5.48714285714286E-05
-0.66,-0.0019363,-1.8,0,0.4,-5.53228571428571E-05
-0.67,-0.0019516,-1.8,0,0.4,-5.576E-05
-0.68,-0.0019666,-1.8,0,0.4,-5.61885714285714E-05
-0.69,-0.0019813,-1.8,0,0.4,-5.66085714285714E-05
-0.7,-0.0019954,-1.8,0,0.4,-5.70114285714286E-05
-0.71,-0.0020091,-1.8,0,0.4,-5.74028571428571E-05
-0.72,-0.0020223,-1.8,0,0.4,-5.778E-05
-0.73,-0.0020353,-1.8,0,0.4,-5.81514285714286E-05
-0.74,-0.0020477,-1.8,0,0.4,-5.85057142857143E-05
-0.75,-0.0020599,-1.8,0,0.4,-5.88542857142857E-05
-0.76,-0.0020717,-1.8,0,0.4,-5.91914285714286E-05
-0.77,-0.0020828,-1.8,0,0.4,-5.95085714285714E-05
-0.78,-0.002094,-1.8,0,0.4,-5.98285714285714E-05
-0.79,-0.0021045,-1.8,0,0.4,-6.01285714285714E-05
-0.8,-0.0021146,-1.8,0,0.4,-6.04171428571428E-05
-0.81,-0.0021241,-1.8,0,0.4,-6.06885714285714E-05
-0.82,-0.0021337,-1.8,0,0.4,-6.09628571428571E-05
-0.83,-0.0021427,-1.8,0,0.4,-6.122E-05
-0.84,-0.0021515,-1.8,0,0.4,-6.14714285714286E-05
-0.85,-0.0021598,-1.8,0,0.4,-6.17085714285714E-05
-0.86,-0.0021678,-1.8,0,0.4,-6.19371428571429E-05
-0.87,-0.0021755,-1.8,0,0.4,-6.21571428571428E-05
-0.88,-0.0021828,-1.8,0,0.4,-6.23657142857143E-05
-0.89,-0.0021899,-1.8,0,0.4,-6.25685714285714E-05
-0.9,-0.0021967,-1.8,0,0.4,-6.27628571428571E-05
-0.91,-0.0022032,-1.8,0,0.4,-6.29485714285714E-05
-0.92,-0.0022095,-1.8,0,0.4,-6.31285714285714E-05
-0.93,-0.0022153,-1.8,0,0.4,-6.32942857142857E-05
-0.94,-0.002221,-1.8,0,0.4,-6.34571428571428E-05
-0.95,-0.0022266,-1.8,0,0.4,-6.36171428571428E-05
-0.96,-0.0022314,-1.8,0,0.4,-6.37542857142857E-05
-0.97,-0.0022366,-1.8,0,0.4,-6.39028571428571E-05
-0.98,-0.0022414,-1.8,0,0.4,-6.404E-05
-0.99,-0.0022459,-1.8,0,0.4,-6.41685714285714E-05
-1,-0.0022502,-1.8,0,0.4,-6.42914285714286E-05
-1.01,-0.0022545,-1.8,0,0.4,-6.44142857142857E-05
-1.02,-0.0022583,-1.8,0,0.4,-6.45228571428571E-05
-1.03,-0.0022622,-1.8,0,0.4,-6.46342857142857E-05
-1.04,-0.0022662,-1.8,0,0.4,-6.47485714285714E-05
-1.05,-0.0022693,-1.8,0,0.4,-6.48371428571429E-05
-1.06,-0.0022727,-1.8,0,0.4,-6.49342857142857E-05
-1.07,-0.002276,-1.8,0,0.4,-6.50285714285714E-05
-1.08,-0.0022793,-1.8,0,0.4,-6.51228571428571E-05
-1.09,-0.002282,-1.8,0,0.4,-6.52E-05
-1.1,-0.002285,-1.8,0,0.4,-6.52857142857143E-05
-1.11,-0.0022878,-1.8,0,0.4,-6.53657142857143E-05
-1.12,-0.0022907,-1.8,0,0.4,-6.54485714285714E-05
-1.13,-0.0022933,-1.8,0,0.4,-6.55228571428571E-05
-1.14,-0.0022961,-1.8,0,0.4,-6.56028571428571E-05
-1.15,-0.0022985,-1.8,0,0.4,-6.56714285714286E-05
-1.16,-0.0023006,-1.8,0,0.4,-6.57314285714286E-05
-1.17,-0.0023029,-1.8,0,0.4,-6.57971428571429E-05
-1.18,-0.0023054,-1.8,0,0.4,-6.58685714285714E-05
-1.19,-0.0023076,-1.8,0,0.4,-6.59314285714286E-05
-1.2,-0.0023098,-1.8,0,0.4,-6.59942857142857E-05
-1.21,-0.0023115,-1.8,0,0.4,-6.60428571428571E-05
-1.22,-0.0023137,-1.8,0,0.4,-6.61057142857143E-05
-1.23,-0.0023157,-1.8,0,0.4,-6.61628571428571E-05
-1.24,-0.0023177,-1.8,0,0.4,-6.622E-05
-1.25,-0.0023195,-1.8,0,0.4,-6.62714285714286E-05
-1.26,-0.0023213,-1.8,0,0.4,-6.63228571428571E-05
-1.27,-0.0023232,-1.8,0,0.4,-6.63771428571429E-05
-1.28,-0.002325,-1.8,0,0.4,-6.64285714285714E-05
-1.29,-0.0023263,-1.8,0,0.4,-6.64657142857143E-05
-1.3,-0.0023284,-1.8,0,0.4,-6.65257142857143E-05
-1.31,-0.0023297,-1.8,0,0.4,-6.65628571428571E-05
-1.32,-0.0023316,-1.8,0,0.4,-6.66171428571429E-05
-1.33,-0.002333,-1.8,0,0.4,-6.66571428571428E-05
-1.34,-0.0023347,-1.8,0,0.4,-6.67057142857143E-05
-1.35,-0.0023361,-1.8,0,0.4,-6.67457142857143E-05
-1.36,-0.0023376,-1.8,0,0.4,-6.67885714285714E-05
-1.37,-0.0023392,-1.8,0,0.4,-6.68342857142857E-05
-1.38,-0.0023407,-1.8,0,0.4,-6.68771428571429E-05
-1.39,-0.0023421,-1.8,0,0.4,-6.69171428571428E-05
-1.4,-0.0023434,-1.8,0,0.4,-6.69542857142857E-05
-1.41,-0.002345,-1.8,0,0.4,-6.7E-05
-1.42,-0.0023464,-1.8,0,0.4,-6.704E-05
-1.43,-0.0023475,-1.8,0,0.4,-6.70714285714286E-05
-1.44,-0.0023487,-1.8,0,0.4,-6.71057142857143E-05
-1.45,-0.0023501,-1.8,0,0.4,-6.71457142857143E-05
-1.46,-0.0023514,-1.8,0,0.4,-6.71828571428571E-05
-1.47,-0.0023529,-1.8,0,0.4,-6.72257142857143E-05
-1.48,-0.0023542,-1.8,0,0.4,-6.72628571428571E-05
-1.49,-0.0023552,-1.8,0,0.4,-6.72914285714286E-05
-1.5,-0.0023563,-1.8,0,0.4,-6.73228571428571E-05
-1.51,-0.0023578,-1.8,0,0.4,-6.73657142857143E-05
-1.52,-0.0023589,-1.8,0,0.4,-6.73971428571429E-05
-1.53,-0.0023601,-1.8,0,0.4,-6.74314285714286E-05
-1.54,-0.0023612,-1.8,0,0.4,-6.74628571428571E-05
-1.55,-0.0023625,-1.8,0,0.4,-6.75E-05
-1.56,-0.0023637,-1.8,0,0.4,-6.75342857142857E-05
-1.57,-0.0023646,-1.8,0,0.4,-6.756E-05
-1.58,-0.0023658,-1.8,0,0.4,-6.75942857142857E-05
-1.59,-0.002367,-1.8,0,0.4,-6.76285714285714E-05
-1.6,-0.0023683,-1.8,0,0.4,-6.76657142857143E-05
-1.61,-0.0023693,-1.8,0,0.4,-6.76942857142857E-05
-1.62,-0.0023702,-1.8,0,0.4,-6.772E-05
-1.63,-0.0023714,-1.8,0,0.4,-6.77542857142857E-05
-1.64,-0.0023724,-1.8,0,0.4,-6.77828571428571E-05
-1.65,-0.0023736,-1.8,0,0.4,-6.78171428571429E-05
-1.66,-0.0023745,-1.8,0,0.4,-6.78428571428571E-05
-1.67,-0.0023755,-1.8,0,0.4,-6.78714285714286E-05
-1.68,-0.0023768,-1.8,0,0.4,-6.79085714285714E-05
-1.69,-0.0023779,-1.8,0,0.4,-6.794E-05
-1.7,-0.0023791,-1.8,0,0.4,-6.79742857142857E-05
-1.71,-0.00238,-1.8,0,0.4,-6.8E-05
-1.72,-0.0023809,-1.8,0,0.4,-6.80257142857143E-05
-1.73,-0.0023817,-1.8,0,0.4,-6.80485714285714E-05
-1.74,-0.0023825,-1.8,0,0.4,-6.80714285714286E-05
-1.75,-0.0023835,-1.8,0,0.4,-6.81E-05
-1.76,-0.0023845,-1.8,0,0.4,-6.81285714285714E-05
-1.77,-0.0023853,-1.8,0,0.4,-6.81514285714286E-05
-1.78,-0.0023864,-1.8,0,0.4,-6.81828571428571E-05
-1.79,-0.0023872,-1.8,0,0.4,-6.82057142857143E-05
-1.8,-0.0023883,-1.8,0,0.4,-6.82371428571428E-05
